MESS results
Durations in µs
54877393, 54877426, 54880382, 54881367,
54881367, 54882353, 54877425, 54878412,
54878411, 54881367, 54879396, 54879397,
54880382, 54881367, 54881367, 54877426,
54879397, 54881366, 54881368, 54885308,
54877426, 54881367, 54877426, 54878411,
54879397, 54880382, 54881366, 54877427,
54882352, 54880382, 54884323, 54878411,
54879396, 54878412, 54876440, 54881367,
54880382, 54883338, 54881367, 54879397,
54880381, 54882353, 54878411, 54878412,
54881366, 54880382, 54878411, 54876441,
54877425, 54882353, 54877426, 54877426,
54879396, 54880382, 54876440, 54878411,
54879397, 54880382, 54877426, 54878411,
54877426, 54887279, 54880382, 54880382,
54878411, 54880381, 54880382, 54877427,
54878410, 54881367, 54875455, 54883339,
54878411, 54878411, 54878411, 54878411,
54880382, 54877426, 54878411, 54877426,
54882352, 54880382, 54876442, 54878410,
54880382, 54877426, 54877425, 54879397,
54876441, 54881367, 54875454, 54879397,
54879398, 54878410, 54876440, 54876442,
54877425, 54881368, 54880381, 54878411,
54877426,
>> Average: 54879415.683168 Median: 54879396 [54875454|54887279] [Min|Max]
>> size: 101
