GCC results
Durations in µs
31601169, 31595288, 31660318, 31620906,
31624847, 31598244, 31648494, 31660319,
31625832, 31614994, 31629774, 31624847,
31626818, 31644554, 31630759, 31618935,
31614994, 31626818, 31628788, 31626818,
31614993, 31596273, 31631744, 31624848,
31625832, 31590361, 31642583, 31632730,
31627803, 31641597, 31616965, 31629774,
31632729, 31614994, 31636671, 31644553,
31649481, 31625832, 31641598, 31641597,
31628789, 31609081, 31626819, 31646524,
31597258, 31665245, 31603170, 31605141,
31622876, 31637656, 31625833, 31620906,
31639627, 31644553, 31596273, 31605141,
31639627, 31633715, 31649480, 31640612,
31611053, 31605140, 31618936, 31654406,
31638642, 31625833, 31636671, 31646524,
31670172, 31638641, 31628788, 31613023,
31630760, 31628788, 31599229, 31633715,
31619920, 31639628, 31638641, 31654407,
31637656, 31655393, 31658347, 31648495,
31646524, 31654407, 31603170, 31664260,
31661304, 31633715, 31647509, 31671158,
31634700, 31648495, 31656377, 31619921,
31631743, 31630760, 31627804, 31630758,
31643568,
>> Average: 31631324.564356 Median: 31630760 [31590361|31671158] [Min|Max]
>> size: 101
