LBM results
Durations in µs
133809448, 133809482, 133791746, 133793716,
133801598, 133787805, 133818349, 133815393,
133806525, 133809482, 133785833, 133816379,
133791745, 133801599, 133801600, 133800613,
133786819, 133796672, 133811452, 133805540,
133806525, 133806526, 133791745, 133813422,
133815394, 133799628, 133817364, 133816378,
133811452, 133791746, 133811452, 133794702,
133801598, 133804555, 133809481, 133813423,
133810467, 133826232, 133818349, 133820320,
133783863, 133818349, 133803570, 133808495,
133808496, 133826232, 133808496, 133803569,
133796673, 133812437, 133813423, 133798643,
133798643, 133788789, 133810467, 133804554,
133804555, 133817463, 133825147, 133796672,
133815393, 133795688, 133788789, 133797657,
133802585, 133769083, 133772039, 133781892,
133795687, 133810467, 133808496, 133813423,
133797657, 133794701, 133801600, 133800613,
133817364, 133810466, 133796673, 133794701,
133797657, 133804556, 133823368, 133808403,
133801599, 133825246, 133789775, 133822291,
133797657, 133789775, 133793717, 133808495,
133821305, 133780908, 133787804, 133807510,
133796673, 133808496, 133806525, 133791746,
133801599,
>> Average: 133803773.9604 Median: 133804555 [133769083|133826232] [Min|Max]
>> size: 101
