MCF results
Durations in µs
92015337, 91030805, 91038688, 91018983,
91004202, 91012086, 91005188, 91058394,
91046571, 91034748, 91029820, 91055439,
91045586, 91064307, 91034748, 91043615,
91036718, 91045585, 91018983, 91037703,
91016027, 91034747, 91041644, 91055544,
91034643, 91017011, 91041645, 91049527,
91039674, 91070218, 91095838, 91029821,
91034747, 91055439, 91013070, 91052483,
91010114, 91039674, 91023909, 91045586,
91042630, 90993364, 91052483, 91042630,
91054453, 91038689, 91051498, 91046571,
91040659, 91020953, 91024894, 91038689,
91032777, 91077115, 91053469, 91050512,
91060366, 91039674, 91022923, 91020954,
91025879, 91034747, 91007158, 91022924,
91031791, 91031792, 91029820, 91077116,
91035733, 91019968, 91039673, 91012086,
91042629, 91032777, 91024894, 91056424,
91029822, 91053468, 91006173, 91020952,
91023910, 91035732, 91018982, 91054495,
91047515, 91027851, 91014055, 91020953,
91019967, 91039674, 91036719, 91051497,
91045586, 91063321, 91024895, 91036718,
91018982, 91065292, 91018983, 91057409,
91043615,
>> Average: 91046397.49505 Median: 91036718 [90993364|92015337] [Min|Max] size: 101
